_id,name,comment,time
1,千年晨醋_,"“在这个《雨天》里 我们一起《踮起脚尖爱》🥰”
拥有钻石音色的张碧晨和嗓音温柔治愈的紫宁妹妹简直就是情歌战神🤩
谁懂啊我真的很喜欢她们俩的声音🥺还得是双张！！💞这俩人终于二搭上了哈哈哈✌🏻
还有还有 这首歌真的好适合她们俩唱哇😭 所有的美好都值得踮起脚尖找寻🩰✨
期待的一切终将到来～💖",2023年6月23日 23:08
2,陈甸甸才不沉甸甸,有幸在现场听到两位姐姐的演唱 可以用完美来形容 节目录制那天就对这首歌耿耿于怀 终于播出有音源了 无限循环了一个下午～女孩子就是最美好的啊啊啊 两位姐姐的音色实在是太配了 期待更多的合作[多多大笑],2023年06月24日 17:48
3,chunlulu,太爱了,2023年06月25日 18:47
4,差距_CIoa,等你回过头来 好美的和声,2023年06月25日 18:30
5,6-ara,emmm.251,2023年06月25日 18:02
6,6-ara,助力,2023年06月25日 18:01
7,Birdy_y,张碧晨你太会唱了吧,2023年06月25日 17:46
8,Birdy_y,好爱张碧晨 还有什么是你不会唱的啊 啊啊啊[云撒糖][云撒糖],2023年06月25日 17:38
9,妮妮_QT4Z,cpdd,2023年06月25日 17:19
10,Eunseooya_zn,我们要有踮起脚尖的勇气，才能找到爱,2023年06月25日 16:18
11,Eunseooya_zn,在《雨天》里《踮起脚尖爱》,2023年06月25日 16:17
12,Eunseooya_zn,积极向上的活着，总有很多瞬间告诉你，生活温柔且浪漫,2023年06月25日 16:16
13,Eunseooya_zn,会有很多星星 我只向往你这一个月亮。,2023年06月25日 16:16
14,Eunseooya_zn,愿你今后的生活，不是选择而是热爱，不是风沙和迷茫而是温柔和闪光，就算看到前方黑暗的尽头，总有光在等你,2023年06月25日 16:16
15,Eunseooya_zn,晚风踩着云朵，晚霞在贩卖快乐，银河在背后靠近我们，我与星辰一起为你沉沦，万物皆有裂痕，那是光照进来的地方逼疯你风采依旧，耀眼夺目，我踏月披星而来，绕过山林沟壑，拥挤人海，只想与你撞个满怀，不要故人思故国，且将新火试新茶，诗酒趁年华,2023年06月25日 16:16
16,Eunseooya_zn,把平凡的事做好，就是不平凡，把简单的事做好，就是不简单，人生没有白走的路，每一步坎坷都算数，只有尝尽人生百味之后才会更加生动,2023年06月25日 16:16
17,Eunseooya_zn,愿你今后的生活，不是选择而是热爱，不是风沙和迷茫而是温柔和闪光，就算看到前方黑暗的尽头，总有光在等你,2023年06月25日 16:16
18,Eunseooya_zn,每个女孩子身上都有闪光点，都有可爱和值得被爱的地方，别再没自信别再自我否定了，你永远是个宝贝！,2023年06月25日 16:15
19,Itreal,不允许被埋没 因为紫宁值得,2023年06月25日 15:44
20,手排琴结果Screamo,,2023年06月25日 15:11
21,手排琴结果Screamo,[多多瞌睡][多多瞌睡][多多瞌睡][多多瞌睡][多多瞌睡][多多瞌睡],2023年06月25日 14:42
22,单纯可爱的小男孩-,喜欢💕很好听的一首歌，喜欢双张合作！！！简直太爱了,2023年06月25日 14:42
23,记挂o,天呐 我初中听的歌,2023年06月25日 13:31
24,桑榆非晚Best,愿你无论何时都有踮起脚尖爱的勇气,2023年06月25日 13:17
25,_林泽青_,李大仁＆程又青,2023年06月25日 13:03
26,思虑c,等你回过头来，会回过头来,2023年06月25日 11:16
27,电子琴发生儿童故事年龄,张紫宁张紫宁张紫宁张紫宁张紫宁张紫宁,2023年06月25日 10:06
28,电子琴发生儿童故事年龄,张紫宁开头跪,2023年06月25日 10:06
29,电子琴发生儿童故事年龄,好好听啊啊啊啊,2023年06月25日 10:05
30,电子琴发生儿童故事年龄,"⭐#张紫宁天赐的声音# 生活有时候需要一些没有计划的事情📒
比如说走就行的旅行 比如毫无目的地漫步 比如淋一场突如其来的雨☔️
一根弦紧绷久了 会忘了松弛的能力 记得要找回一些空气感☁️ @张紫宁ZINING",2023年06月25日 10:05
31,_金毛狮王,不主动的小朋友们还能找到爱吗？,2023年06月25日 09:25
32,走走停停累了就躺下,她俩的声音真的很合诶,2023年06月25日 09:00
33,走走停停累了就躺下,很好听！,2023年06月25日 08:59
34,五颗太妃糖,张紫宁好厉害，感谢张碧晨前辈带领，希望以后有更多合作,2023年06月25日 07:49
35,特别关心宁,越听越越好听,2023年06月25日 07:41
36,aowu,,2023年06月25日 07:25
37,是唯宁呀,张紫宁好棒，越来越好,2023年06月25日 07:24
38,1111_PA6C,张紫宁好棒,2023年06月25日 07:19
39,FEB----,前奏好像时光小偷 这段和弦很常用,2023年06月25日 03:56
40,Graceyeu,笛子很好听呀,2023年06月25日 01:51
41,AILment_lzzbz,有人在释怀，有人在风中爱了又爱,2023年06月25日 01:33
42,seonrinayi,终于等到双张二搭了,2023年06月25日 01:21
43,seonrinayi,终于等到张紫宁和张碧晨老师二搭 真的很开心！！！这两个人的声音混合在一起可以让我忘记其他事情 沉浸于自己的世界中！！！希望两位可以三搭！！紫宁宝宝！！！💛💛,2023年06月25日 01:20
44,seonrinayi,《踮起脚尖爱》这首歌就像紫宁自己追求音乐之路的写照，可能她现在还不是一个很完美的歌手，但是她正在朝着那个方向努力，她在努力的踮起脚尖去够那个她所热爱的东西，就像你自己说的那样“成为歌手的路很长 你不弃我不散” 加油！歌手张紫宁💛,2023年06月25日 01:20
45,紫苏宁檬茶,爱爱爱,2023年06月25日 00:45
46,鸡腿掉进了蜜罐,在雨天垫起脚尖爱,2023年06月25日 00:33
47,褚同学Tiao,⭐#张紫宁天赐的声音# “生活总是这样忐忑中前行，但珍贵的是千万不要放下一直前行的勇气” @张紫宁ZINING,2023年06月24日 22:54
48,褚同学Tiao,⭐#张紫宁天赐的声音# “聚散离合，终是常态，每一个人，每一次回眸，无一不是生命的怀念，将来不迎，过往不念，其实我们所谓的美好，都会归于生活的点点滴滴，当下的每一个时刻，都是生命中唯一的一瞬间” @张紫宁ZINING,2023年06月24日 22:54
49,褚同学Tiao,"⭐#张紫宁天赐的声音# 生活有时候需要一些没有计划的事情📒
比如说走就行的旅行 比如毫无目的地漫步 比如淋一场突如其来的雨☔️
一根弦紧绷久了 会忘了松弛的能力 记得要找回一些空气感☁️ @张紫宁ZINING",2023年06月24日 22:54
50,褚同学Tiao,⭐#张紫宁天赐的声音# “我虽然说我胆大，但是其实并不是狂妄。我的这个胆大，是我真的突破了自己” @张紫宁ZINING,2023年06月24日 22:54
51,褚同学Tiao,⭐#张紫宁天赐的声音# “唯一能做的就是让自己变得强大，愿彼此相信 一起成长 与更好的自己在未来相遇” @张紫宁ZINING,2023年06月24日 22:54
52,褚同学Tiao,⭐#张紫宁天赐的声音# “成为歌手的路还很长，你不弃我不散” @张紫宁ZINING,2023年06月24日 22:54
53,褚同学Tiao,⭐#张紫宁天赐的声音# “人生就像一场美梦，一样的年纪，一样的心情，一样的孤独，一样的喜悦，可是又是不一样的我们，怀着不一样的信念在不一样的路上，还寻找着自己的天空。我们学着成长，我们拯救自己，我们也在创造未来” @张紫宁ZINING,2023年06月24日 22:54
54,褚同学Tiao,⭐#张紫宁天赐的声音# “人生就像一场美梦，一样的年纪，一样的心情，一样的孤独，一样的喜悦，可是又是不一样的我们，怀着不一样的信念在不一样的路上，还寻找着自己的天空。我们学着成长，我们拯救自己，我们也在创造未来” @张紫宁ZINING,2023年06月24日 22:54
55,褚同学Tiao,⭐#张紫宁天赐的声音# “在当下的时间就好好去享受，过好每一分钟每一秒钟，对得起自己，对得起所有时光就好” @张紫宁ZINING,2023年06月24日 22:54
56,褚同学Tiao,⭐#张紫宁天赐的声音# “我跟他们一直有暗号“你不弃我们就不会散”。他们会跟我说成为歌手的路还很长，但是我们陪你，所以你放心走，这些话会给我很大的动力。” @张紫宁ZINING,2023年06月24日 22:54
57,褚同学Tiao,⭐#张紫宁天赐的声音# “唯一能做的就是让自己变得强大，愿彼此相信 一起成长 与更好的自己在未来相遇” @张紫宁ZINING,2023年06月24日 22:54
58,橘子味的大头鱼,张紫宁开口跪,2023年06月24日 22:12
59,REBITHY,好听着的,2023年06月24日 22:11
60,杜屿Kric,别让生活耗尽了你的耐心和向往，你还有诗和远方，排骨和汤，烤肉和馕，虾和蟹黄，火锅和麻辣烫，烤鸭和涮肥羊，咖啡和焦糖，饼干和牛奶棒，炸鸡和大酱汤，榴莲酥和虾饺皇，杏仁豆腐和棒棒糖，椒麻鸡和辣鸭肠,2023年06月24日 21:47
61,杜屿Kric,别让生活耗尽了你的耐心和向往，你还有诗和远方，排骨和汤，烤肉和馕，虾和蟹黄，火锅和麻辣烫，烤鸭和涮肥羊，咖啡和焦糖，饼干和牛奶棒，炸鸡和大酱汤，榴莲酥和虾饺皇，杏仁豆腐和棒棒糖，椒麻鸡和辣鸭肠,2023年06月24日 21:47
62,杜屿Kric,总会慢慢变好的，我慢慢等，你慢慢来,2023年06月24日 21:42
63,杜屿Kric,“歌手唱一首难过的歌，演员演一场难过的戏，投入一种情感体验一种人生，不管痛苦和快乐每一次都是很享受的过程”,2023年06月24日 21:42
64,杜屿Kric,"无人问津的日子里我在努力🆙ପ꒰⑅•ᴗ•｡꒱໊੭ ┊♡┊♡
最近手头有点紧🚜。◦⚪︎○
谁能借我手牵牵(๑ᵔ⌔ᵔ๑)੭𖠚ᐝ",2023年06月24日 21:42
65,杜屿Kric,因为喜欢你，所以喜欢你所有的任性和小脾气——一禅小和尚,2023年06月24日 21:41
66,杜屿Kric,人世间，不离骚,2023年06月24日 21:41
67,杜屿Kric,等苦尽甘来的那一天，山河星月都做贺礼⛰,2023年06月24日 21:41
68,杜屿Kric,以力学来说，我的手机很快就要报废，因为我一直在按它，令它的生命慢慢流逝，如果你想救它，你就别吵了好吧,2023年06月24日 21:41
69,杜屿Kric,很多人可以走进你的生活，很少人可以走进你的生命,2023年06月24日 21:41
70,杜屿Kric,好看的皮囊千篇一律，有趣的肚皮弹来弹去😋,2023年06月24日 21:38
71,杜屿Kric,"𝔼𝕟𝕛𝕠𝕪 𝕋𝕠𝕕𝕒𝕪
今日無事，唯有開心🍑",2023年06月24日 21:38
72,杜屿Kric,别人突然不打游戏了，那是连麦谈恋爱去了，我突然不打游戏了，那是菜的卸载了,2023年06月24日 21:38
73,杜屿Kric,世界先爱了我，我不能不爱它——汪曾祺,2023年06月24日 21:38
74,杜屿Kric,聪明从来都是把事情归纳得更简单,2023年06月24日 21:38
75,杜屿Kric,我觉得做一个善良，沉着，真实的人，已经是很富有 ——《镜湖》 安妮宝贝,2023年06月24日 21:38
76,杜屿Kric,快乐的方式有很多种，最直接的，就是见到你💫,2023年06月24日 21:38
77,杜屿Kric,刚刚遇到卖草莓的，他说他的草莓绝对是最甜的东西。我嗤之以鼻，怎么可能有比我还甜的东西呢？又是虚假宣传,2023年06月24日 21:38
78,杜屿Kric,愿余生鲜衣怒马，有人陪你看遍烈焰繁花！,2023年06月24日 21:37
79,杜屿Kric,喵喵喵，听说你想养一只猫？,2023年06月24日 21:37
80,杜屿Kric,你最近真讨厌，讨人喜欢，百看不厌,2023年06月24日 21:37
81,杜屿Kric,"· ℋᵅᵖᵖᵞ♡ᵕ̈ 🥘 🍮🍹
一日一食一记 ෆ",2023年06月24日 21:36
82,杜屿Kric,天气不错，不知道会不会有对象掉下来,2023年06月24日 21:36
83,杜屿Kric,我希望你一直发光，而我永远为你热泪盈眶一叶知霜降，一语感深秋，霜降已至，愿你染尽霜华，心中依旧温暖如初，愿霜降时节，照顾好自己，一切安好,2023年06月24日 21:36
84,杜屿Kric,ฅʕ•̫͡•ʔฅ 一日三餐，长势良好,2023年06月24日 21:34
85,杜屿Kric,♡一♡點♡點♡小♡樂♡趣♡,2023年06月24日 21:33
86,杜屿Kric,世界先爱了我，我不能不爱它——汪曾祺,2023年06月24日 21:33
87,杜屿Kric,这世界只有一种乡愁，是你不在身边的时候,2023年06月24日 21:33
88,杜屿Kric,"· ℋᵅᵖᵖᵞ♡ᵕ̈ 🥘 🍮🍹
一日一食一记 ෆ",2023年06月24日 21:33
89,杜屿Kric,种自己的花，爱自己的宇宙🌍,2023年06月24日 21:33
90,杜屿Kric,且听风吟，静待花开 ——《且听风吟》 村上春树因为喜欢你，所以喜欢你所有的任性和小脾气——一禅小和尚,2023年06月24日 21:33
91,违规小分队,双张yyds,2023年06月24日 21:33
92,杜屿Kric,你必须只有内心丰富，才能摆脱这些生活表面的相似 ——《致女儿书》王朔 ,2023年06月24日 21:32
93,杜屿Kric,有比孤独更紧迫的事，云存储的使用空间到期了,2023年06月24日 21:32
94,杜屿Kric,今天我去跑步了，你知道我跑了多远吗？我跑了一个爱你的形状💗,2023年06月24日 21:32
95,杜屿Kric,你是这白开水一样淡的日子里偷偷加的一颗糖🍬(*/ω＼*),2023年06月24日 21:31
96,杜屿Kric,"ପ꒰⑅•ᴗ•｡꒱໊੭ ┊♡┊♡
最近手头有点紧🚜。◦⚪︎○
谁能借我手牵牵(๑ᵔ⌔ᵔ๑)੭𖠚ᐝ",2023年06月24日 21:31
97,杜屿Kric,今日接单，奶茶果汁代喝，冰淇淋代吃，水果捞代吃，别的暂时不想吃，不接,2023年06月24日 21:31
98,杜屿Kric,知识是生命的双翼人世间，不离骚别垂头丧气，显矮刚刚遇到卖草莓的，他说他的草莓绝对是最甜的东西。我嗤之以鼻，怎么可能有比我还甜的东西呢？又是虚假宣传,2023年06月24日 21:31
99,Lhesong,好像从来没有人坚定的走向过我,2023年06月24日 21:27
100,也許丶在,付出甘之如饴，所得归于欢喜,2023年06月24日 21:12
101,内卷中,“有人在权衡利弊下放弃你，有人在擦干眼泪后还爱你”,2023年06月24日 20:57
102,内卷中,爱不是凝视对方 爱是展望同一个方向,2023年06月24日 20:57
103,空白格_白,好听，很喜欢和声,2023年06月24日 20:14
104,郑郑_0918,就很治愈呀,2023年06月24日 20:14
105,思虑c,这首歌甜中带着淡淡的悲伤的感觉，双张绝配，多合作。,2023年06月24日 19:43
106,橙色日落海洋-iay,以前有部剧，好像叫偏偏喜欢你还是叫什么？不太记得了。以前听是随性，现在听心痛。明明脚一抬一放就轻快的迈过去了，为什么要忍受痛苦踮起脚尖去爱一个不能爱的人呢。,2023年06月24日 19:25
107,Eunseooya_zn,希望双张可以多多合作，好喜欢,2023年06月24日 19:21
108,Eunseooya_zn,"有点蹉跎 不必失落
生活就是起起落落
拜托拜托 别再错过
期待下个一拍即合",2023年06月24日 19:21
109,Eunseooya_zn,"You're always knocking me off of my feet
I lost myself again",2023年06月24日 19:21
110,Eunseooya_zn,"现在心情有点复杂
我该如何说明
模仿轻松的语气",2023年06月24日 19:21
111,Eunseooya_zn,"有时答案 伪装成问题
才能延长对白 等醉意袭来",2023年06月24日 19:21
112,Eunseooya_zn,"有点蹉跎 不必失落
生活就是起起落落
拜托拜托 别再错过
期待下个一拍即合",2023年06月24日 19:20
113,Eunseooya_zn,"一个人熬夜
把失眠当我的哲学
播放着最爱的音乐
烦恼总会迎刃而解",2023年06月24日 19:20
114,Eunseooya_zn,"雨下了就最好别撑伞
心动也适当地不理睬
意乱又心烦 才正中我下怀",2023年06月24日 19:20
115,Eunseooya_zn,"有时答案 伪装成问题
才能延长对白 等醉意袭来",2023年06月24日 19:20
116,Eunseooya_zn,"什么关系要确认再三
好不浪漫 难道爱不能是 一场悬案",2023年06月24日 19:20
117,Eunseooya_zn,"有一搭没一搭的交谈
该说不说 还挺有拉扯的 氛围感",2023年06月24日 19:20
118,Eunseooya_zn,"你看时间 偶尔破例
它将美好 定格在日子里",2023年06月24日 19:20
119,Eunseooya_zn,"我望向你 望向了希冀
不多言也 是一种鼓励",2023年06月24日 19:20
120,Eunseooya_zn,"许过的愿 淋过的雨
是光阴 最美的叹息星星睡去",2023年06月24日 19:20
121,杜屿Kric,"太多未知的临界点
别浪费此刻这瞬间
烟火绽放漫天星夜",2023年06月24日 19:09
122,杜屿Kric,"No one really cares but u
Someone will leave but u",2023年06月24日 19:09
123,杜屿Kric,"什么关系要确认再三
好不浪漫 难道爱不能是 一场悬案",2023年06月24日 19:08
124,sober_1812,,2023年06月24日 18:56
125,sober_1812,,2023年06月24日 18:56
126,sober_1812,,2023年06月24日 18:56
127,sober_1812,,2023年06月24日 18:56
128,sober_1812,来了,2023年06月24日 18:55
129,sober_1812,,2023年06月24日 18:55
130,值得_05,够不到，就不要了,2023年06月24日 18:42
131,电子琴发生儿童故事年龄,用力踮起脚尖，为寻找你的爱,2023年06月24日 18:41
132,电子琴发生儿童故事年龄,非常喜欢,2023年06月24日 18:29
133,电子琴发生儿童故事年龄,张紫宁开口跪啊啊啊,2023年06月24日 18:29
134,电子琴发生儿童故事年龄,张紫宁绝了啊啊啊啊啊啊啊,2023年06月24日 18:29
135,PANDAN_dan,这首歌啊啊啊啊 我可能不会爱你,2023年06月24日 18:21
136,_Loo77_,第123评哦,2023年06月24日 18:13
137,陈甸甸才不沉甸甸,有幸在现场听到两位姐姐的演唱 可以用完美来形容 节目录制那天就对这首歌耿耿于怀 终于播出有音源了 无限循环了一个下午～女孩子就是最美好的啊啊啊 两位姐姐的音色实在是太配了 期待更多的合作[多多大笑],2023年06月24日 17:48
138,璃莹殇-安洁丽娜-樱雪羽晗灵,"第121评！！！
爱死了❤️❤️❤️❤️❤️",2023年06月24日 17:29
139,糯叽叽sung,看这阵容果断点进来了,2023年06月24日 16:55
140,二分明月日,来了,2023年06月24日 16:22
141,Crush-Feeling,,2023年06月24日 14:58
142,___未完成,两个不主动的小朋友，终会错过的,2023年06月24日 14:30
143,五月的天刚诞生的夏天啊,我还在原地，踮着脚等着，你就不能回头看我一眼吗,2023年06月24日 13:55
144,五月的天刚诞生的夏天啊,你的爱我踮着脚还够不到，那就不要了吧,2023年06月24日 13:54
145,月色冻人_,张紫宁唱的太好啦,2023年06月24日 13:40
146,Bubblu_1ZSh,张碧晨好棒,2023年06月24日 13:32
147,木木是个仙女吖,哇塞 他们两个又合作啦 我最爱的两个歌手,2023年06月24日 13:28
148,捣莓熊Sadie,当时我感觉选歌不适合他们,2023年06月24日 13:21
149,捣莓熊Sadie,张碧晨声音好稳啊,2023年06月24日 13:20
150,HUWENYUEEE,张碧晨你太棒 给你大拇哥,2023年06月24日 13:16
151,HUWENYUEEE,hi 张碧晨,2023年06月24日 13:14
152,Saux_,张碧晨绝了,2023年06月24日 12:55
153,康斯年,太爱啦泰裤辣,2023年06月24日 12:52
154,MeiTianDouHenKun_,"""如果勇敢一点结局会不会不一样""",2023年06月24日 12:34
155,Cx330的耶耶,我努力的踮起脚尖，想离你更近一点。那你，可以看看我吗？,2023年06月24日 12:21
156,萧琅里个琅,张碧晨就是神！,2023年06月24日 12:21
157,无敌大王拾柒,谁懂啊 中间有两句紫宁唱的我以为是张碧晨唱的,2023年06月24日 12:15
158,Jimmy宁,特别喜欢,2023年06月24日 12:11
159,别打小涵主意,张紫宁！,2023年06月24日 12:06
160,璇儿O_o,第99评,2023年06月24日 12:03
161,伦砸Ellen,好喜欢,2023年06月24日 12:03
162,只可以看一下哦,好好听,2023年06月24日 12:00
163,腿毛在清水中荡,喜欢,2023年06月24日 11:55
164,鱼籽酱-io,占个楼,2023年06月24日 11:46
165,翊-0731,“才踮起脚尖的期待 只怕被亏待”,2023年06月24日 11:36
166,关关是关关o,好听爆了,2023年06月24日 11:31
167,地球境外,靠近你 熟悉你 远离你 成为你,2023年06月24日 11:29
168,好好的_Ehi6,又是单曲循环的一首 张碧晨yyds,2023年06月24日 11:00
169,梨梨我,姓张的怎么都这么会唱！,2023年06月24日 10:57
170,长野星河_Hey,雨天组合再次合唱,2023年06月24日 10:40
171,长野星河_Hey,好好听,2023年06月24日 10:40
172,新麦锐娱乐倒闭了,真的好听,2023年06月24日 10:38
173,北家洛,刚上架吗？那我来的也太巧了,2023年06月24日 10:36
174,hahahah晨诚,这个版本好好听,2023年06月24日 10:27
175,要努力要优秀要成为光,别期待，才不被伤害；别给他人期待，别伤害。,2023年06月24日 10:18
176,樵克利酒,我够不到，你弯一点腰,2023年06月24日 10:14
177,yin大笨洽泥土,来网易云打卡,2023年06月24日 10:11
178,Serendipity__y-,大姐姐带着小妹妹一起踮起脚尖爱哦,2023年06月24日 10:05
179,zhang茸茸,我够不着还微笑忍耐😊,2023年06月24日 09:35
180,晨潼,踮起脚尖爱，爱你的勇气[心心],2023年06月24日 09:01
181,风起云时1996,双张二搭啦,2023年06月24日 08:40
182,用户4892923905,张碧晨,2023年06月24日 08:32
183,一个小睡神zZ,这也太好听了吧,2023年06月24日 08:30
184,迷人土豆丝,哇好听,2023年06月24日 08:21
185,正牌七少,踮起脚尖爱我觉得既有种小心翼翼又不失一种勇敢的去寻找追求爱，这次张碧晨和张紫宁的再次合作比上次的配合更娴熟更放松，所以整个情绪的感情抒发更加自然，等你回过头看我踮起了脚尖，是爱情里非常美好的场景，但也别让爱你的人踮太久哦。,2023年06月24日 08:21
186,环保歌单,张紫宁进步越来越大了，好好听,2023年06月24日 08:21
187,鱼头七七LY,张碧晨张碧晨！！！！！,2023年06月24日 08:15
188,Glittering-886,张碧晨yyds,2023年06月24日 07:59
189,-海风与晚星,双张！,2023年06月24日 07:36
190,浅蓝色小裤衩,第68条评论 呜呼,2023年06月24日 07:15
191,好想见宁,张紫宁！,2023年06月24日 07:10
192,野王Nick,冲呀.张紫宁,2023年06月24日 04:45
193,野王Nick,为紫宁而来,2023年06月24日 04:44
194,野王Nick,紫宁,2023年06月24日 04:44
195,走走停停累了就躺下,好好听啊啊啊,2023年06月24日 04:18
196,紫苏宁檬茶,超级好听,2023年06月24日 03:58
197,普安吉,双张组合双向奔赴踮起脚尖的爱，给人暖心的感觉,2023年06月24日 03:32
198,虫虫唱歌只想甜糕,又要开始学歌了！,2023年06月24日 02:46
199,日晚见风起,来啦,2023年06月24日 02:41
200,你不是二次元,来听,2023年06月24日 02:39
201,无敌大王拾柒,好爱双张的合作,2023年06月24日 02:25
202,吃饱睡着每天藏,好巧哦 我是第555个红心这首歌的人 在我没评论前正好55个评论,2023年06月24日 02:04
203,CurlyHairLe,踮起脚尖就一定能触碰到爱吗,2023年06月24日 01:55
204,Growl017,《踮起脚尖爱》这首歌就像紫宁自己追求音乐之路的写照，可能她现在还不是一个很完美的歌手，但是她正在朝着那个方向努力，她在努力的踮起脚尖去够那个她所热爱的东西，就像你自己说的那样“成为歌手的路很长 你不弃我不散”。,2023年06月24日 01:52
205,小点点狗,爱张碧晨从小学爱到大学我的宝宝,2023年06月24日 01:31
206,粥渡Dic,耐听，越听越好听,2023年06月24日 01:17
207,老张的奶盖,继上次雨天，双张再次合作，张碧晨的钻石嗓音加上甜甜的张紫宁，把情愫化作呢喃，踮起脚尖去爱，来不及说声爱，等你回过头来，氛围感拉满,2023年06月24日 01:16
208,粥渡Dic,双张二搭绝了,2023年06月24日 01:16
209,秋筠---,绝！绝了,2023年06月24日 01:08
210,_莫_尔_,二搭绝了,2023年06月24日 01:01
211,_莫_尔_,张紫宁,2023年06月24日 01:00
212,_莫_尔_,张紫宁不错的,2023年06月24日 01:00
213,北烊,很好听的歌，双张唱的好好听,2023年06月24日 00:58
214,玺多啤梨,我已经踮起脚尖很多次了 依旧是够不到。,2023年06月24日 00:57
215,lei-llllllwy,没有爱是长久的,2023年06月24日 00:55
216,milk丶鑫,张紫宁,2023年06月24日 00:54
217,季风物,声音好听，好搭，耐听,2023年06月24日 00:47
218,碰瓷儿大脑斧,真好，很暖,2023年06月24日 00:45
219,Redamancy-X_,虽然但是，踮起脚尖的爱真的能长久吗,2023年06月24日 00:43
220,小石头_ogFJ,张碧晨唱的好好听 代入感真的超强,2023年06月24日 00:42
221,对不起该用户暂无昵称,双张上次合作的《雨天》太绝了，KTV必唱。这首也很适合。下午看完《消失的你》听碧晨的《笼》一直哭，来首甜甜的歌缓解一下。[多多笑哭],2023年06月24日 00:41
222,Hygge-伍玥,好好听好好听,2023年06月24日 00:40
223,风起云时1996,张碧晨真的音色流氓,2023年06月24日 00:36
224,风起云时1996,好好听啊,2023年06月24日 00:36
225,小杨小朋友-_-,好好听啊,2023年06月24日 00:34
226,腿与晨,「你的爱 我期待」华语实力女歌手@张碧晨 将情愫揉进歌词 化作呢喃 轻轻倾诉🎶构造完美浪漫氛围 光影交织 今晚在@浙江卫视天赐的声音 听她把爱唱给我们听❤️,2023年06月24日 00:31
227,书香小乐,美美的享尽人间甜甜的爱🌹💞🌸🌸🌸🇨🇳,2023年06月24日 00:31
228,-iovu,"“每次当我们勇敢的时候 都有一个小孩在心里努力地踮起脚尖 希望我们都能保护好内心的小孩”
真的好喜欢两位姐姐的合唱，真的好会唱，真的好好听，真的好喜欢❤",2023年06月24日 00:29
229,wo不衬你ii,洪佩瑜的歌诶,2023年06月24日 00:24
230,顾笙_UVM,雨天双张共同演绎得淋漓尽致 这次又带来充满爱意的感觉 踮起脚尖爱 单曲循环了,2023年06月24日 00:15
231,twentyAKA文思如泉涌,我一直以为单身真好 可遇见了你 我每天都祈祷着有情人终成眷属,2023年06月24日 00:07
232,大黄鸭嘎嘎嘎嘎,紫宁紫宁，我爱紫宁,2023年06月24日 00:04
233,依旧淡然丶,踮起脚尖爱,2023年06月24日 00:00
234,LONG_808,“等你回过头来.”,2023年6月23日 23:58
235,奶芙芙的迪士尼在逃公主,怎么会如此好听！一听就很惊艳,2023年6月23日 23:56
236,魚粥粥___,踮起脚尖去够的不一定是爱 也可能是向往的梦想 谁能懂这首歌对我的意义 从中考考完到现在诶 真的重复循环很多很多很多遍🥹,2023年6月23日 23:56
237,苏西的世界-,双张的二搭也超级好听！张紫宁真的有超级多的进步！,2023年6月23日 23:50
238,Lauvsong,梦幻联动，妈呀姐姐太高产了,2023年6月23日 23:44
239,经济舱UPz,最近真的好爱听张碧晨，欧耶耶,2023年6月23日 23:35
240,ffieffie,在雨天 踮起脚尖 爱,2023年6月23日 23:34
241,热心旳网友,太喜欢张碧晨的声音了 爱死了,2023年6月23日 23:30
242,Sergio丶丶,,2023年6月23日 23:30
243,易莘证氣,绝,2023年6月23日 23:23
244,碰瓷儿大脑斧,搭配的真不错,2023年6月23日 23:17
245,JJ林俊杰_dZGC,两位的声线好搭！！从雨天开始就特别喜欢两位的合作！我真的很爱！！好的歌手就是要多多合作,2023年6月23日 23:16
246,XXXXiiiao,好喜欢,2023年6月23日 23:15
247,JJ林俊杰_dZGC,太喜欢两位的合作了！！,2023年6月23日 23:12
248,阿童木看星星,爱了爱了,2023年6月23日 23:11
249,小丑八怪咿,好听好听好听yyds,2023年6月23日 23:11
250,多肉葡萄加冰标准甜,马上就来了 太好听了,2023年6月23日 23:11
251,归兮_FgBm,好听！,2023年6月23日 23:10
252,什么时候消失_,好棒！！！好好听妈呀 刚从电视过来的！,2023年6月23日 23:10
253,_oyoeei,啊哈 看到原唱猜到是这首了,2023年6月23日 23:09
254,千年晨醋_,"“在这个《雨天》里 我们一起《踮起脚尖爱》🥰”
拥有钻石音色的张碧晨和嗓音温柔治愈的紫宁妹妹简直就是情歌战神🤩
谁懂啊我真的很喜欢她们俩的声音🥺还得是双张！！💞这俩人终于二搭上了哈哈哈✌🏻
还有还有 这首歌真的好适合她们俩唱哇😭 所有的美好都值得踮起脚尖找寻🩰✨
期待的一切终将到来～💖",2023年6月23日 23:08
255,原味凯莉,第一！！,2023年6月23日 23:08
256,易莘证氣,绝,2023年6月23日 23:23
257,碰瓷儿大脑斧,搭配的真不错,2023年6月23日 23:17
258,JJ林俊杰_dZGC,两位的声线好搭！！从雨天开始就特别喜欢两位的合作！我真的很爱！！好的歌手就是要多多合作,2023年6月23日 23:16
259,XXXXiiiao,好喜欢,2023年6月23日 23:15
260,JJ林俊杰_dZGC,太喜欢两位的合作了！！,2023年6月23日 23:12
261,阿童木看星星,爱了爱了,2023年6月23日 23:11
262,小丑八怪咿,好听好听好听yyds,2023年6月23日 23:11
263,多肉葡萄加冰标准甜,马上就来了 太好听了,2023年6月23日 23:11
264,归兮_FgBm,好听！,2023年6月23日 23:10
265,什么时候消失_,好棒！！！好好听妈呀 刚从电视过来的！,2023年6月23日 23:10
266,_oyoeei,啊哈 看到原唱猜到是这首了,2023年6月23日 23:09
267,千年晨醋_,"“在这个《雨天》里 我们一起《踮起脚尖爱》🥰”
拥有钻石音色的张碧晨和嗓音温柔治愈的紫宁妹妹简直就是情歌战神🤩
谁懂啊我真的很喜欢她们俩的声音🥺还得是双张！！💞这俩人终于二搭上了哈哈哈✌🏻
还有还有 这首歌真的好适合她们俩唱哇😭 所有的美好都值得踮起脚尖找寻🩰✨
期待的一切终将到来～💖",2023年6月23日 23:08
268,原味凯莉,第一！！,2023年6月23日 23:08
269,易莘证氣,绝,2023年6月23日 23:23
270,碰瓷儿大脑斧,搭配的真不错,2023年6月23日 23:17
271,JJ林俊杰_dZGC,两位的声线好搭！！从雨天开始就特别喜欢两位的合作！我真的很爱！！好的歌手就是要多多合作,2023年6月23日 23:16
272,XXXXiiiao,好喜欢,2023年6月23日 23:15
273,JJ林俊杰_dZGC,太喜欢两位的合作了！！,2023年6月23日 23:12
274,阿童木看星星,爱了爱了,2023年6月23日 23:11
275,小丑八怪咿,好听好听好听yyds,2023年6月23日 23:11
276,多肉葡萄加冰标准甜,马上就来了 太好听了,2023年6月23日 23:11
277,归兮_FgBm,好听！,2023年6月23日 23:10
278,什么时候消失_,好棒！！！好好听妈呀 刚从电视过来的！,2023年6月23日 23:10
279,_oyoeei,啊哈 看到原唱猜到是这首了,2023年6月23日 23:09
280,千年晨醋_,"“在这个《雨天》里 我们一起《踮起脚尖爱》🥰”
拥有钻石音色的张碧晨和嗓音温柔治愈的紫宁妹妹简直就是情歌战神🤩
谁懂啊我真的很喜欢她们俩的声音🥺还得是双张！！💞这俩人终于二搭上了哈哈哈✌🏻
还有还有 这首歌真的好适合她们俩唱哇😭 所有的美好都值得踮起脚尖找寻🩰✨
期待的一切终将到来～💖",2023年6月23日 23:08
281,原味凯莉,第一！！,2023年6月23日 23:08
282,易莘证氣,绝,2023年6月23日 23:23
283,碰瓷儿大脑斧,搭配的真不错,2023年6月23日 23:17
284,JJ林俊杰_dZGC,两位的声线好搭！！从雨天开始就特别喜欢两位的合作！我真的很爱！！好的歌手就是要多多合作,2023年6月23日 23:16
285,XXXXiiiao,好喜欢,2023年6月23日 23:15
286,JJ林俊杰_dZGC,太喜欢两位的合作了！！,2023年6月23日 23:12
287,阿童木看星星,爱了爱了,2023年6月23日 23:11
288,小丑八怪咿,好听好听好听yyds,2023年6月23日 23:11
289,多肉葡萄加冰标准甜,马上就来了 太好听了,2023年6月23日 23:11
290,归兮_FgBm,好听！,2023年6月23日 23:10
291,什么时候消失_,好棒！！！好好听妈呀 刚从电视过来的！,2023年6月23日 23:10
292,_oyoeei,啊哈 看到原唱猜到是这首了,2023年6月23日 23:09
293,千年晨醋_,"“在这个《雨天》里 我们一起《踮起脚尖爱》🥰”
拥有钻石音色的张碧晨和嗓音温柔治愈的紫宁妹妹简直就是情歌战神🤩
谁懂啊我真的很喜欢她们俩的声音🥺还得是双张！！💞这俩人终于二搭上了哈哈哈✌🏻
还有还有 这首歌真的好适合她们俩唱哇😭 所有的美好都值得踮起脚尖找寻🩰✨
期待的一切终将到来～💖",2023年6月23日 23:08
294,原味凯莉,第一！！,2023年6月23日 23:08
295,易莘证氣,绝,2023年6月23日 23:23
296,碰瓷儿大脑斧,搭配的真不错,2023年6月23日 23:17
297,JJ林俊杰_dZGC,两位的声线好搭！！从雨天开始就特别喜欢两位的合作！我真的很爱！！好的歌手就是要多多合作,2023年6月23日 23:16
298,XXXXiiiao,好喜欢,2023年6月23日 23:15
299,JJ林俊杰_dZGC,太喜欢两位的合作了！！,2023年6月23日 23:12
300,阿童木看星星,爱了爱了,2023年6月23日 23:11
301,小丑八怪咿,好听好听好听yyds,2023年6月23日 23:11
302,多肉葡萄加冰标准甜,马上就来了 太好听了,2023年6月23日 23:11
303,归兮_FgBm,好听！,2023年6月23日 23:10
304,什么时候消失_,好棒！！！好好听妈呀 刚从电视过来的！,2023年6月23日 23:10
305,_oyoeei,啊哈 看到原唱猜到是这首了,2023年6月23日 23:09
306,千年晨醋_,"“在这个《雨天》里 我们一起《踮起脚尖爱》🥰”
拥有钻石音色的张碧晨和嗓音温柔治愈的紫宁妹妹简直就是情歌战神🤩
谁懂啊我真的很喜欢她们俩的声音🥺还得是双张！！💞这俩人终于二搭上了哈哈哈✌🏻
还有还有 这首歌真的好适合她们俩唱哇😭 所有的美好都值得踮起脚尖找寻🩰✨
期待的一切终将到来～💖",2023年6月23日 23:08
307,原味凯莉,第一！！,2023年6月23日 23:08
308,易莘证氣,绝,2023年6月23日 23:23
309,碰瓷儿大脑斧,搭配的真不错,2023年6月23日 23:17
310,JJ林俊杰_dZGC,两位的声线好搭！！从雨天开始就特别喜欢两位的合作！我真的很爱！！好的歌手就是要多多合作,2023年6月23日 23:16
311,XXXXiiiao,好喜欢,2023年6月23日 23:15
312,JJ林俊杰_dZGC,太喜欢两位的合作了！！,2023年6月23日 23:12
313,阿童木看星星,爱了爱了,2023年6月23日 23:11
314,小丑八怪咿,好听好听好听yyds,2023年6月23日 23:11
315,多肉葡萄加冰标准甜,马上就来了 太好听了,2023年6月23日 23:11
316,归兮_FgBm,好听！,2023年6月23日 23:10
317,什么时候消失_,好棒！！！好好听妈呀 刚从电视过来的！,2023年6月23日 23:10
318,_oyoeei,啊哈 看到原唱猜到是这首了,2023年6月23日 23:09
319,千年晨醋_,"“在这个《雨天》里 我们一起《踮起脚尖爱》🥰”
拥有钻石音色的张碧晨和嗓音温柔治愈的紫宁妹妹简直就是情歌战神🤩
谁懂啊我真的很喜欢她们俩的声音🥺还得是双张！！💞这俩人终于二搭上了哈哈哈✌🏻
还有还有 这首歌真的好适合她们俩唱哇😭 所有的美好都值得踮起脚尖找寻🩰✨
期待的一切终将到来～💖",2023年6月23日 23:08
320,原味凯莉,第一！！,2023年6月23日 23:08
321,易莘证氣,绝,2023年6月23日 23:23
322,碰瓷儿大脑斧,搭配的真不错,2023年6月23日 23:17
323,JJ林俊杰_dZGC,两位的声线好搭！！从雨天开始就特别喜欢两位的合作！我真的很爱！！好的歌手就是要多多合作,2023年6月23日 23:16
324,XXXXiiiao,好喜欢,2023年6月23日 23:15
325,JJ林俊杰_dZGC,太喜欢两位的合作了！！,2023年6月23日 23:12
326,阿童木看星星,爱了爱了,2023年6月23日 23:11
327,小丑八怪咿,好听好听好听yyds,2023年6月23日 23:11
328,多肉葡萄加冰标准甜,马上就来了 太好听了,2023年6月23日 23:11
329,归兮_FgBm,好听！,2023年6月23日 23:10
330,什么时候消失_,好棒！！！好好听妈呀 刚从电视过来的！,2023年6月23日 23:10
331,_oyoeei,啊哈 看到原唱猜到是这首了,2023年6月23日 23:09
332,千年晨醋_,"“在这个《雨天》里 我们一起《踮起脚尖爱》🥰”
拥有钻石音色的张碧晨和嗓音温柔治愈的紫宁妹妹简直就是情歌战神🤩
谁懂啊我真的很喜欢她们俩的声音🥺还得是双张！！💞这俩人终于二搭上了哈哈哈✌🏻
还有还有 这首歌真的好适合她们俩唱哇😭 所有的美好都值得踮起脚尖找寻🩰✨
期待的一切终将到来～💖",2023年6月23日 23:08
333,原味凯莉,第一！！,2023年6月23日 23:08
334,易莘证氣,绝,2023年6月23日 23:23
335,碰瓷儿大脑斧,搭配的真不错,2023年6月23日 23:17
336,JJ林俊杰_dZGC,两位的声线好搭！！从雨天开始就特别喜欢两位的合作！我真的很爱！！好的歌手就是要多多合作,2023年6月23日 23:16
337,XXXXiiiao,好喜欢,2023年6月23日 23:15
338,JJ林俊杰_dZGC,太喜欢两位的合作了！！,2023年6月23日 23:12
339,阿童木看星星,爱了爱了,2023年6月23日 23:11
340,小丑八怪咿,好听好听好听yyds,2023年6月23日 23:11
341,多肉葡萄加冰标准甜,马上就来了 太好听了,2023年6月23日 23:11
342,归兮_FgBm,好听！,2023年6月23日 23:10
343,什么时候消失_,好棒！！！好好听妈呀 刚从电视过来的！,2023年6月23日 23:10
344,_oyoeei,啊哈 看到原唱猜到是这首了,2023年6月23日 23:09
345,千年晨醋_,"“在这个《雨天》里 我们一起《踮起脚尖爱》🥰”
拥有钻石音色的张碧晨和嗓音温柔治愈的紫宁妹妹简直就是情歌战神🤩
谁懂啊我真的很喜欢她们俩的声音🥺还得是双张！！💞这俩人终于二搭上了哈哈哈✌🏻
还有还有 这首歌真的好适合她们俩唱哇😭 所有的美好都值得踮起脚尖找寻🩰✨
期待的一切终将到来～💖",2023年6月23日 23:08
346,原味凯莉,第一！！,2023年6月23日 23:08
347,易莘证氣,绝,2023年6月23日 23:23
348,碰瓷儿大脑斧,搭配的真不错,2023年6月23日 23:17
349,JJ林俊杰_dZGC,两位的声线好搭！！从雨天开始就特别喜欢两位的合作！我真的很爱！！好的歌手就是要多多合作,2023年6月23日 23:16
350,XXXXiiiao,好喜欢,2023年6月23日 23:15
351,JJ林俊杰_dZGC,太喜欢两位的合作了！！,2023年6月23日 23:12
352,阿童木看星星,爱了爱了,2023年6月23日 23:11
353,小丑八怪咿,好听好听好听yyds,2023年6月23日 23:11
354,多肉葡萄加冰标准甜,马上就来了 太好听了,2023年6月23日 23:11
355,归兮_FgBm,好听！,2023年6月23日 23:10
356,什么时候消失_,好棒！！！好好听妈呀 刚从电视过来的！,2023年6月23日 23:10
357,_oyoeei,啊哈 看到原唱猜到是这首了,2023年6月23日 23:09
358,千年晨醋_,"“在这个《雨天》里 我们一起《踮起脚尖爱》🥰”
拥有钻石音色的张碧晨和嗓音温柔治愈的紫宁妹妹简直就是情歌战神🤩
谁懂啊我真的很喜欢她们俩的声音🥺还得是双张！！💞这俩人终于二搭上了哈哈哈✌🏻
还有还有 这首歌真的好适合她们俩唱哇😭 所有的美好都值得踮起脚尖找寻🩰✨
期待的一切终将到来～💖",2023年6月23日 23:08
359,原味凯莉,第一！！,2023年6月23日 23:08
360,易莘证氣,绝,2023年6月23日 23:23
361,碰瓷儿大脑斧,搭配的真不错,2023年6月23日 23:17
362,JJ林俊杰_dZGC,两位的声线好搭！！从雨天开始就特别喜欢两位的合作！我真的很爱！！好的歌手就是要多多合作,2023年6月23日 23:16
363,XXXXiiiao,好喜欢,2023年6月23日 23:15
364,JJ林俊杰_dZGC,太喜欢两位的合作了！！,2023年6月23日 23:12
365,阿童木看星星,爱了爱了,2023年6月23日 23:11
366,小丑八怪咿,好听好听好听yyds,2023年6月23日 23:11
367,多肉葡萄加冰标准甜,马上就来了 太好听了,2023年6月23日 23:11
368,归兮_FgBm,好听！,2023年6月23日 23:10
369,什么时候消失_,好棒！！！好好听妈呀 刚从电视过来的！,2023年6月23日 23:10
370,_oyoeei,啊哈 看到原唱猜到是这首了,2023年6月23日 23:09
371,千年晨醋_,"“在这个《雨天》里 我们一起《踮起脚尖爱》🥰”
拥有钻石音色的张碧晨和嗓音温柔治愈的紫宁妹妹简直就是情歌战神🤩
谁懂啊我真的很喜欢她们俩的声音🥺还得是双张！！💞这俩人终于二搭上了哈哈哈✌🏻
还有还有 这首歌真的好适合她们俩唱哇😭 所有的美好都值得踮起脚尖找寻🩰✨
期待的一切终将到来～💖",2023年6月23日 23:08
372,原味凯莉,第一！！,2023年6月23日 23:08
373,易莘证氣,绝,2023年6月23日 23:23
374,碰瓷儿大脑斧,搭配的真不错,2023年6月23日 23:17
375,JJ林俊杰_dZGC,两位的声线好搭！！从雨天开始就特别喜欢两位的合作！我真的很爱！！好的歌手就是要多多合作,2023年6月23日 23:16
376,XXXXiiiao,好喜欢,2023年6月23日 23:15
377,JJ林俊杰_dZGC,太喜欢两位的合作了！！,2023年6月23日 23:12
378,阿童木看星星,爱了爱了,2023年6月23日 23:11
379,小丑八怪咿,好听好听好听yyds,2023年6月23日 23:11
380,多肉葡萄加冰标准甜,马上就来了 太好听了,2023年6月23日 23:11
381,归兮_FgBm,好听！,2023年6月23日 23:10
382,什么时候消失_,好棒！！！好好听妈呀 刚从电视过来的！,2023年6月23日 23:10
383,_oyoeei,啊哈 看到原唱猜到是这首了,2023年6月23日 23:09
384,千年晨醋_,"“在这个《雨天》里 我们一起《踮起脚尖爱》🥰”
拥有钻石音色的张碧晨和嗓音温柔治愈的紫宁妹妹简直就是情歌战神🤩
谁懂啊我真的很喜欢她们俩的声音🥺还得是双张！！💞这俩人终于二搭上了哈哈哈✌🏻
还有还有 这首歌真的好适合她们俩唱哇😭 所有的美好都值得踮起脚尖找寻🩰✨
期待的一切终将到来～💖",2023年6月23日 23:08
385,原味凯莉,第一！！,2023年6月23日 23:08
386,易莘证氣,绝,2023年6月23日 23:23
387,碰瓷儿大脑斧,搭配的真不错,2023年6月23日 23:17
388,JJ林俊杰_dZGC,两位的声线好搭！！从雨天开始就特别喜欢两位的合作！我真的很爱！！好的歌手就是要多多合作,2023年6月23日 23:16
389,XXXXiiiao,好喜欢,2023年6月23日 23:15
390,JJ林俊杰_dZGC,太喜欢两位的合作了！！,2023年6月23日 23:12
391,阿童木看星星,爱了爱了,2023年6月23日 23:11
392,小丑八怪咿,好听好听好听yyds,2023年6月23日 23:11
393,多肉葡萄加冰标准甜,马上就来了 太好听了,2023年6月23日 23:11
394,归兮_FgBm,好听！,2023年6月23日 23:10
395,什么时候消失_,好棒！！！好好听妈呀 刚从电视过来的！,2023年6月23日 23:10
396,_oyoeei,啊哈 看到原唱猜到是这首了,2023年6月23日 23:09
397,千年晨醋_,"“在这个《雨天》里 我们一起《踮起脚尖爱》🥰”
拥有钻石音色的张碧晨和嗓音温柔治愈的紫宁妹妹简直就是情歌战神🤩
谁懂啊我真的很喜欢她们俩的声音🥺还得是双张！！💞这俩人终于二搭上了哈哈哈✌🏻
还有还有 这首歌真的好适合她们俩唱哇😭 所有的美好都值得踮起脚尖找寻🩰✨
期待的一切终将到来～💖",2023年6月23日 23:08
398,原味凯莉,第一！！,2023年6月23日 23:08
399,易莘证氣,绝,2023年6月23日 23:23
400,碰瓷儿大脑斧,搭配的真不错,2023年6月23日 23:17
401,JJ林俊杰_dZGC,两位的声线好搭！！从雨天开始就特别喜欢两位的合作！我真的很爱！！好的歌手就是要多多合作,2023年6月23日 23:16
402,XXXXiiiao,好喜欢,2023年6月23日 23:15
403,JJ林俊杰_dZGC,太喜欢两位的合作了！！,2023年6月23日 23:12
404,阿童木看星星,爱了爱了,2023年6月23日 23:11
405,小丑八怪咿,好听好听好听yyds,2023年6月23日 23:11
406,多肉葡萄加冰标准甜,马上就来了 太好听了,2023年6月23日 23:11
407,归兮_FgBm,好听！,2023年6月23日 23:10
408,什么时候消失_,好棒！！！好好听妈呀 刚从电视过来的！,2023年6月23日 23:10
409,_oyoeei,啊哈 看到原唱猜到是这首了,2023年6月23日 23:09
410,千年晨醋_,"“在这个《雨天》里 我们一起《踮起脚尖爱》🥰”
拥有钻石音色的张碧晨和嗓音温柔治愈的紫宁妹妹简直就是情歌战神🤩
谁懂啊我真的很喜欢她们俩的声音🥺还得是双张！！💞这俩人终于二搭上了哈哈哈✌🏻
还有还有 这首歌真的好适合她们俩唱哇😭 所有的美好都值得踮起脚尖找寻🩰✨
期待的一切终将到来～💖",2023年6月23日 23:08
411,原味凯莉,第一！！,2023年6月23日 23:08
412,易莘证氣,绝,2023年6月23日 23:23
413,碰瓷儿大脑斧,搭配的真不错,2023年6月23日 23:17
414,JJ林俊杰_dZGC,两位的声线好搭！！从雨天开始就特别喜欢两位的合作！我真的很爱！！好的歌手就是要多多合作,2023年6月23日 23:16
415,XXXXiiiao,好喜欢,2023年6月23日 23:15
416,JJ林俊杰_dZGC,太喜欢两位的合作了！！,2023年6月23日 23:12
417,阿童木看星星,爱了爱了,2023年6月23日 23:11
418,小丑八怪咿,好听好听好听yyds,2023年6月23日 23:11
419,多肉葡萄加冰标准甜,马上就来了 太好听了,2023年6月23日 23:11
420,归兮_FgBm,好听！,2023年6月23日 23:10
421,什么时候消失_,好棒！！！好好听妈呀 刚从电视过来的！,2023年6月23日 23:10
422,_oyoeei,啊哈 看到原唱猜到是这首了,2023年6月23日 23:09
423,千年晨醋_,"“在这个《雨天》里 我们一起《踮起脚尖爱》🥰”
拥有钻石音色的张碧晨和嗓音温柔治愈的紫宁妹妹简直就是情歌战神🤩
谁懂啊我真的很喜欢她们俩的声音🥺还得是双张！！💞这俩人终于二搭上了哈哈哈✌🏻
还有还有 这首歌真的好适合她们俩唱哇😭 所有的美好都值得踮起脚尖找寻🩰✨
期待的一切终将到来～💖",2023年6月23日 23:08
424,原味凯莉,第一！！,2023年6月23日 23:08
425,易莘证氣,绝,2023年6月23日 23:23
426,碰瓷儿大脑斧,搭配的真不错,2023年6月23日 23:17
427,JJ林俊杰_dZGC,两位的声线好搭！！从雨天开始就特别喜欢两位的合作！我真的很爱！！好的歌手就是要多多合作,2023年6月23日 23:16
428,XXXXiiiao,好喜欢,2023年6月23日 23:15
429,JJ林俊杰_dZGC,太喜欢两位的合作了！！,2023年6月23日 23:12
430,阿童木看星星,爱了爱了,2023年6月23日 23:11
431,小丑八怪咿,好听好听好听yyds,2023年6月23日 23:11
432,多肉葡萄加冰标准甜,马上就来了 太好听了,2023年6月23日 23:11
433,归兮_FgBm,好听！,2023年6月23日 23:10
434,什么时候消失_,好棒！！！好好听妈呀 刚从电视过来的！,2023年6月23日 23:10
435,_oyoeei,啊哈 看到原唱猜到是这首了,2023年6月23日 23:09
436,千年晨醋_,"“在这个《雨天》里 我们一起《踮起脚尖爱》🥰”
拥有钻石音色的张碧晨和嗓音温柔治愈的紫宁妹妹简直就是情歌战神🤩
谁懂啊我真的很喜欢她们俩的声音🥺还得是双张！！💞这俩人终于二搭上了哈哈哈✌🏻
还有还有 这首歌真的好适合她们俩唱哇😭 所有的美好都值得踮起脚尖找寻🩰✨
期待的一切终将到来～💖",2023年6月23日 23:08
437,原味凯莉,第一！！,2023年6月23日 23:08
438,易莘证氣,绝,2023年6月23日 23:23
439,碰瓷儿大脑斧,搭配的真不错,2023年6月23日 23:17
440,JJ林俊杰_dZGC,两位的声线好搭！！从雨天开始就特别喜欢两位的合作！我真的很爱！！好的歌手就是要多多合作,2023年6月23日 23:16
441,XXXXiiiao,好喜欢,2023年6月23日 23:15
442,JJ林俊杰_dZGC,太喜欢两位的合作了！！,2023年6月23日 23:12
443,阿童木看星星,爱了爱了,2023年6月23日 23:11
444,小丑八怪咿,好听好听好听yyds,2023年6月23日 23:11
445,多肉葡萄加冰标准甜,马上就来了 太好听了,2023年6月23日 23:11
446,归兮_FgBm,好听！,2023年6月23日 23:10
447,什么时候消失_,好棒！！！好好听妈呀 刚从电视过来的！,2023年6月23日 23:10
448,_oyoeei,啊哈 看到原唱猜到是这首了,2023年6月23日 23:09
449,千年晨醋_,"“在这个《雨天》里 我们一起《踮起脚尖爱》🥰”
拥有钻石音色的张碧晨和嗓音温柔治愈的紫宁妹妹简直就是情歌战神🤩
谁懂啊我真的很喜欢她们俩的声音🥺还得是双张！！💞这俩人终于二搭上了哈哈哈✌🏻
还有还有 这首歌真的好适合她们俩唱哇😭 所有的美好都值得踮起脚尖找寻🩰✨
期待的一切终将到来～💖",2023年6月23日 23:08
450,原味凯莉,第一！！,2023年6月23日 23:08
451,易莘证氣,绝,2023年6月23日 23:23
452,碰瓷儿大脑斧,搭配的真不错,2023年6月23日 23:17
453,JJ林俊杰_dZGC,两位的声线好搭！！从雨天开始就特别喜欢两位的合作！我真的很爱！！好的歌手就是要多多合作,2023年6月23日 23:16
454,XXXXiiiao,好喜欢,2023年6月23日 23:15
455,JJ林俊杰_dZGC,太喜欢两位的合作了！！,2023年6月23日 23:12
456,阿童木看星星,爱了爱了,2023年6月23日 23:11
457,小丑八怪咿,好听好听好听yyds,2023年6月23日 23:11
458,多肉葡萄加冰标准甜,马上就来了 太好听了,2023年6月23日 23:11
459,归兮_FgBm,好听！,2023年6月23日 23:10
460,什么时候消失_,好棒！！！好好听妈呀 刚从电视过来的！,2023年6月23日 23:10
461,_oyoeei,啊哈 看到原唱猜到是这首了,2023年6月23日 23:09
462,千年晨醋_,"“在这个《雨天》里 我们一起《踮起脚尖爱》🥰”
拥有钻石音色的张碧晨和嗓音温柔治愈的紫宁妹妹简直就是情歌战神🤩
谁懂啊我真的很喜欢她们俩的声音🥺还得是双张！！💞这俩人终于二搭上了哈哈哈✌🏻
还有还有 这首歌真的好适合她们俩唱哇😭 所有的美好都值得踮起脚尖找寻🩰✨
期待的一切终将到来～💖",2023年6月23日 23:08
463,原味凯莉,第一！！,2023年6月23日 23:08
464,易莘证氣,绝,2023年6月23日 23:23
465,碰瓷儿大脑斧,搭配的真不错,2023年6月23日 23:17
466,JJ林俊杰_dZGC,两位的声线好搭！！从雨天开始就特别喜欢两位的合作！我真的很爱！！好的歌手就是要多多合作,2023年6月23日 23:16
467,XXXXiiiao,好喜欢,2023年6月23日 23:15
468,JJ林俊杰_dZGC,太喜欢两位的合作了！！,2023年6月23日 23:12
469,阿童木看星星,爱了爱了,2023年6月23日 23:11
470,小丑八怪咿,好听好听好听yyds,2023年6月23日 23:11
471,多肉葡萄加冰标准甜,马上就来了 太好听了,2023年6月23日 23:11
472,归兮_FgBm,好听！,2023年6月23日 23:10
473,什么时候消失_,好棒！！！好好听妈呀 刚从电视过来的！,2023年6月23日 23:10
474,_oyoeei,啊哈 看到原唱猜到是这首了,2023年6月23日 23:09
475,千年晨醋_,"“在这个《雨天》里 我们一起《踮起脚尖爱》🥰”
拥有钻石音色的张碧晨和嗓音温柔治愈的紫宁妹妹简直就是情歌战神🤩
谁懂啊我真的很喜欢她们俩的声音🥺还得是双张！！💞这俩人终于二搭上了哈哈哈✌🏻
还有还有 这首歌真的好适合她们俩唱哇😭 所有的美好都值得踮起脚尖找寻🩰✨
期待的一切终将到来～💖",2023年6月23日 23:08
476,原味凯莉,第一！！,2023年6月23日 23:08
477,易莘证氣,绝,2023年6月23日 23:23
478,碰瓷儿大脑斧,搭配的真不错,2023年6月23日 23:17
479,JJ林俊杰_dZGC,两位的声线好搭！！从雨天开始就特别喜欢两位的合作！我真的很爱！！好的歌手就是要多多合作,2023年6月23日 23:16
480,XXXXiiiao,好喜欢,2023年6月23日 23:15
481,JJ林俊杰_dZGC,太喜欢两位的合作了！！,2023年6月23日 23:12
482,阿童木看星星,爱了爱了,2023年6月23日 23:11
483,小丑八怪咿,好听好听好听yyds,2023年6月23日 23:11
484,多肉葡萄加冰标准甜,马上就来了 太好听了,2023年6月23日 23:11
485,归兮_FgBm,好听！,2023年6月23日 23:10
486,什么时候消失_,好棒！！！好好听妈呀 刚从电视过来的！,2023年6月23日 23:10
487,_oyoeei,啊哈 看到原唱猜到是这首了,2023年6月23日 23:09
488,千年晨醋_,"“在这个《雨天》里 我们一起《踮起脚尖爱》🥰”
拥有钻石音色的张碧晨和嗓音温柔治愈的紫宁妹妹简直就是情歌战神🤩
谁懂啊我真的很喜欢她们俩的声音🥺还得是双张！！💞这俩人终于二搭上了哈哈哈✌🏻
还有还有 这首歌真的好适合她们俩唱哇😭 所有的美好都值得踮起脚尖找寻🩰✨
期待的一切终将到来～💖",2023年6月23日 23:08
489,原味凯莉,第一！！,2023年6月23日 23:08
490,易莘证氣,绝,2023年6月23日 23:23
491,碰瓷儿大脑斧,搭配的真不错,2023年6月23日 23:17
492,JJ林俊杰_dZGC,两位的声线好搭！！从雨天开始就特别喜欢两位的合作！我真的很爱！！好的歌手就是要多多合作,2023年6月23日 23:16
493,XXXXiiiao,好喜欢,2023年6月23日 23:15
494,JJ林俊杰_dZGC,太喜欢两位的合作了！！,2023年6月23日 23:12
495,阿童木看星星,爱了爱了,2023年6月23日 23:11
496,小丑八怪咿,好听好听好听yyds,2023年6月23日 23:11
497,多肉葡萄加冰标准甜,马上就来了 太好听了,2023年6月23日 23:11
498,归兮_FgBm,好听！,2023年6月23日 23:10
499,什么时候消失_,好棒！！！好好听妈呀 刚从电视过来的！,2023年6月23日 23:10
500,_oyoeei,啊哈 看到原唱猜到是这首了,2023年6月23日 23:09
501,千年晨醋_,"“在这个《雨天》里 我们一起《踮起脚尖爱》🥰”
拥有钻石音色的张碧晨和嗓音温柔治愈的紫宁妹妹简直就是情歌战神🤩
谁懂啊我真的很喜欢她们俩的声音🥺还得是双张！！💞这俩人终于二搭上了哈哈哈✌🏻
还有还有 这首歌真的好适合她们俩唱哇😭 所有的美好都值得踮起脚尖找寻🩰✨
期待的一切终将到来～💖",2023年6月23日 23:08
502,原味凯莉,第一！！,2023年6月23日 23:08
503,易莘证氣,绝,2023年6月23日 23:23
504,碰瓷儿大脑斧,搭配的真不错,2023年6月23日 23:17
505,JJ林俊杰_dZGC,两位的声线好搭！！从雨天开始就特别喜欢两位的合作！我真的很爱！！好的歌手就是要多多合作,2023年6月23日 23:16
506,XXXXiiiao,好喜欢,2023年6月23日 23:15
507,JJ林俊杰_dZGC,太喜欢两位的合作了！！,2023年6月23日 23:12
508,阿童木看星星,爱了爱了,2023年6月23日 23:11
509,小丑八怪咿,好听好听好听yyds,2023年6月23日 23:11
510,多肉葡萄加冰标准甜,马上就来了 太好听了,2023年6月23日 23:11
511,归兮_FgBm,好听！,2023年6月23日 23:10
512,什么时候消失_,好棒！！！好好听妈呀 刚从电视过来的！,2023年6月23日 23:10
513,_oyoeei,啊哈 看到原唱猜到是这首了,2023年6月23日 23:09
514,千年晨醋_,"“在这个《雨天》里 我们一起《踮起脚尖爱》🥰”
拥有钻石音色的张碧晨和嗓音温柔治愈的紫宁妹妹简直就是情歌战神🤩
谁懂啊我真的很喜欢她们俩的声音🥺还得是双张！！💞这俩人终于二搭上了哈哈哈✌🏻
还有还有 这首歌真的好适合她们俩唱哇😭 所有的美好都值得踮起脚尖找寻🩰✨
期待的一切终将到来～💖",2023年6月23日 23:08
515,原味凯莉,第一！！,2023年6月23日 23:08
516,易莘证氣,绝,2023年6月23日 23:23
517,碰瓷儿大脑斧,搭配的真不错,2023年6月23日 23:17
518,JJ林俊杰_dZGC,两位的声线好搭！！从雨天开始就特别喜欢两位的合作！我真的很爱！！好的歌手就是要多多合作,2023年6月23日 23:16
519,XXXXiiiao,好喜欢,2023年6月23日 23:15
520,JJ林俊杰_dZGC,太喜欢两位的合作了！！,2023年6月23日 23:12
521,阿童木看星星,爱了爱了,2023年6月23日 23:11
522,小丑八怪咿,好听好听好听yyds,2023年6月23日 23:11
523,多肉葡萄加冰标准甜,马上就来了 太好听了,2023年6月23日 23:11
524,归兮_FgBm,好听！,2023年6月23日 23:10
525,什么时候消失_,好棒！！！好好听妈呀 刚从电视过来的！,2023年6月23日 23:10
526,_oyoeei,啊哈 看到原唱猜到是这首了,2023年6月23日 23:09
527,千年晨醋_,"“在这个《雨天》里 我们一起《踮起脚尖爱》🥰”
拥有钻石音色的张碧晨和嗓音温柔治愈的紫宁妹妹简直就是情歌战神🤩
谁懂啊我真的很喜欢她们俩的声音🥺还得是双张！！💞这俩人终于二搭上了哈哈哈✌🏻
还有还有 这首歌真的好适合她们俩唱哇😭 所有的美好都值得踮起脚尖找寻🩰✨
期待的一切终将到来～💖",2023年6月23日 23:08
528,原味凯莉,第一！！,2023年6月23日 23:08
529,易莘证氣,绝,2023年6月23日 23:23
530,碰瓷儿大脑斧,搭配的真不错,2023年6月23日 23:17
531,JJ林俊杰_dZGC,两位的声线好搭！！从雨天开始就特别喜欢两位的合作！我真的很爱！！好的歌手就是要多多合作,2023年6月23日 23:16
532,XXXXiiiao,好喜欢,2023年6月23日 23:15
533,JJ林俊杰_dZGC,太喜欢两位的合作了！！,2023年6月23日 23:12
534,阿童木看星星,爱了爱了,2023年6月23日 23:11
535,小丑八怪咿,好听好听好听yyds,2023年6月23日 23:11
536,多肉葡萄加冰标准甜,马上就来了 太好听了,2023年6月23日 23:11
537,归兮_FgBm,好听！,2023年6月23日 23:10
538,什么时候消失_,好棒！！！好好听妈呀 刚从电视过来的！,2023年6月23日 23:10
539,_oyoeei,啊哈 看到原唱猜到是这首了,2023年6月23日 23:09
540,千年晨醋_,"“在这个《雨天》里 我们一起《踮起脚尖爱》🥰”
拥有钻石音色的张碧晨和嗓音温柔治愈的紫宁妹妹简直就是情歌战神🤩
谁懂啊我真的很喜欢她们俩的声音🥺还得是双张！！💞这俩人终于二搭上了哈哈哈✌🏻
还有还有 这首歌真的好适合她们俩唱哇😭 所有的美好都值得踮起脚尖找寻🩰✨
期待的一切终将到来～💖",2023年6月23日 23:08
541,原味凯莉,第一！！,2023年6月23日 23:08
542,易莘证氣,绝,2023年6月23日 23:23
543,碰瓷儿大脑斧,搭配的真不错,2023年6月23日 23:17
544,JJ林俊杰_dZGC,两位的声线好搭！！从雨天开始就特别喜欢两位的合作！我真的很爱！！好的歌手就是要多多合作,2023年6月23日 23:16
545,XXXXiiiao,好喜欢,2023年6月23日 23:15
546,JJ林俊杰_dZGC,太喜欢两位的合作了！！,2023年6月23日 23:12
547,阿童木看星星,爱了爱了,2023年6月23日 23:11
548,小丑八怪咿,好听好听好听yyds,2023年6月23日 23:11
549,多肉葡萄加冰标准甜,马上就来了 太好听了,2023年6月23日 23:11
550,归兮_FgBm,好听！,2023年6月23日 23:10
551,什么时候消失_,好棒！！！好好听妈呀 刚从电视过来的！,2023年6月23日 23:10
552,_oyoeei,啊哈 看到原唱猜到是这首了,2023年6月23日 23:09
553,千年晨醋_,"“在这个《雨天》里 我们一起《踮起脚尖爱》🥰”
拥有钻石音色的张碧晨和嗓音温柔治愈的紫宁妹妹简直就是情歌战神🤩
谁懂啊我真的很喜欢她们俩的声音🥺还得是双张！！💞这俩人终于二搭上了哈哈哈✌🏻
还有还有 这首歌真的好适合她们俩唱哇😭 所有的美好都值得踮起脚尖找寻🩰✨
期待的一切终将到来～💖",2023年6月23日 23:08
554,原味凯莉,第一！！,2023年6月23日 23:08
555,易莘证氣,绝,2023年6月23日 23:23
556,碰瓷儿大脑斧,搭配的真不错,2023年6月23日 23:17
557,JJ林俊杰_dZGC,两位的声线好搭！！从雨天开始就特别喜欢两位的合作！我真的很爱！！好的歌手就是要多多合作,2023年6月23日 23:16
558,XXXXiiiao,好喜欢,2023年6月23日 23:15
559,JJ林俊杰_dZGC,太喜欢两位的合作了！！,2023年6月23日 23:12
560,阿童木看星星,爱了爱了,2023年6月23日 23:11
561,小丑八怪咿,好听好听好听yyds,2023年6月23日 23:11
562,多肉葡萄加冰标准甜,马上就来了 太好听了,2023年6月23日 23:11
563,归兮_FgBm,好听！,2023年6月23日 23:10
564,什么时候消失_,好棒！！！好好听妈呀 刚从电视过来的！,2023年6月23日 23:10
565,_oyoeei,啊哈 看到原唱猜到是这首了,2023年6月23日 23:09
566,千年晨醋_,"“在这个《雨天》里 我们一起《踮起脚尖爱》🥰”
拥有钻石音色的张碧晨和嗓音温柔治愈的紫宁妹妹简直就是情歌战神🤩
谁懂啊我真的很喜欢她们俩的声音🥺还得是双张！！💞这俩人终于二搭上了哈哈哈✌🏻
还有还有 这首歌真的好适合她们俩唱哇😭 所有的美好都值得踮起脚尖找寻🩰✨
期待的一切终将到来～💖",2023年6月23日 23:08
567,原味凯莉,第一！！,2023年6月23日 23:08
568,易莘证氣,绝,2023年6月23日 23:23
569,碰瓷儿大脑斧,搭配的真不错,2023年6月23日 23:17
570,JJ林俊杰_dZGC,两位的声线好搭！！从雨天开始就特别喜欢两位的合作！我真的很爱！！好的歌手就是要多多合作,2023年6月23日 23:16
571,XXXXiiiao,好喜欢,2023年6月23日 23:15
572,JJ林俊杰_dZGC,太喜欢两位的合作了！！,2023年6月23日 23:12
573,阿童木看星星,爱了爱了,2023年6月23日 23:11
574,小丑八怪咿,好听好听好听yyds,2023年6月23日 23:11
575,多肉葡萄加冰标准甜,马上就来了 太好听了,2023年6月23日 23:11
576,归兮_FgBm,好听！,2023年6月23日 23:10
577,什么时候消失_,好棒！！！好好听妈呀 刚从电视过来的！,2023年6月23日 23:10
578,_oyoeei,啊哈 看到原唱猜到是这首了,2023年6月23日 23:09
579,千年晨醋_,"“在这个《雨天》里 我们一起《踮起脚尖爱》🥰”
拥有钻石音色的张碧晨和嗓音温柔治愈的紫宁妹妹简直就是情歌战神🤩
谁懂啊我真的很喜欢她们俩的声音🥺还得是双张！！💞这俩人终于二搭上了哈哈哈✌🏻
还有还有 这首歌真的好适合她们俩唱哇😭 所有的美好都值得踮起脚尖找寻🩰✨
期待的一切终将到来～💖",2023年6月23日 23:08
580,原味凯莉,第一！！,2023年6月23日 23:08
581,易莘证氣,绝,2023年6月23日 23:23
582,碰瓷儿大脑斧,搭配的真不错,2023年6月23日 23:17
583,JJ林俊杰_dZGC,两位的声线好搭！！从雨天开始就特别喜欢两位的合作！我真的很爱！！好的歌手就是要多多合作,2023年6月23日 23:16
584,XXXXiiiao,好喜欢,2023年6月23日 23:15
585,JJ林俊杰_dZGC,太喜欢两位的合作了！！,2023年6月23日 23:12
586,阿童木看星星,爱了爱了,2023年6月23日 23:11
587,小丑八怪咿,好听好听好听yyds,2023年6月23日 23:11
588,多肉葡萄加冰标准甜,马上就来了 太好听了,2023年6月23日 23:11
589,归兮_FgBm,好听！,2023年6月23日 23:10
590,什么时候消失_,好棒！！！好好听妈呀 刚从电视过来的！,2023年6月23日 23:10
591,_oyoeei,啊哈 看到原唱猜到是这首了,2023年6月23日 23:09
592,千年晨醋_,"“在这个《雨天》里 我们一起《踮起脚尖爱》🥰”
拥有钻石音色的张碧晨和嗓音温柔治愈的紫宁妹妹简直就是情歌战神🤩
谁懂啊我真的很喜欢她们俩的声音🥺还得是双张！！💞这俩人终于二搭上了哈哈哈✌🏻
还有还有 这首歌真的好适合她们俩唱哇😭 所有的美好都值得踮起脚尖找寻🩰✨
期待的一切终将到来～💖",2023年6月23日 23:08
593,原味凯莉,第一！！,2023年6月23日 23:08
594,易莘证氣,绝,2023年6月23日 23:23
595,碰瓷儿大脑斧,搭配的真不错,2023年6月23日 23:17
596,JJ林俊杰_dZGC,两位的声线好搭！！从雨天开始就特别喜欢两位的合作！我真的很爱！！好的歌手就是要多多合作,2023年6月23日 23:16
597,XXXXiiiao,好喜欢,2023年6月23日 23:15
598,JJ林俊杰_dZGC,太喜欢两位的合作了！！,2023年6月23日 23:12
599,阿童木看星星,爱了爱了,2023年6月23日 23:11
600,小丑八怪咿,好听好听好听yyds,2023年6月23日 23:11
601,多肉葡萄加冰标准甜,马上就来了 太好听了,2023年6月23日 23:11
602,归兮_FgBm,好听！,2023年6月23日 23:10
603,什么时候消失_,好棒！！！好好听妈呀 刚从电视过来的！,2023年6月23日 23:10
604,_oyoeei,啊哈 看到原唱猜到是这首了,2023年6月23日 23:09
605,千年晨醋_,"“在这个《雨天》里 我们一起《踮起脚尖爱》🥰”
拥有钻石音色的张碧晨和嗓音温柔治愈的紫宁妹妹简直就是情歌战神🤩
谁懂啊我真的很喜欢她们俩的声音🥺还得是双张！！💞这俩人终于二搭上了哈哈哈✌🏻
还有还有 这首歌真的好适合她们俩唱哇😭 所有的美好都值得踮起脚尖找寻🩰✨
期待的一切终将到来～💖",2023年6月23日 23:08
606,原味凯莉,第一！！,2023年6月23日 23:08
607,易莘证氣,绝,2023年6月23日 23:23
608,碰瓷儿大脑斧,搭配的真不错,2023年6月23日 23:17
609,JJ林俊杰_dZGC,两位的声线好搭！！从雨天开始就特别喜欢两位的合作！我真的很爱！！好的歌手就是要多多合作,2023年6月23日 23:16
610,XXXXiiiao,好喜欢,2023年6月23日 23:15
611,JJ林俊杰_dZGC,太喜欢两位的合作了！！,2023年6月23日 23:12
612,阿童木看星星,爱了爱了,2023年6月23日 23:11
613,小丑八怪咿,好听好听好听yyds,2023年6月23日 23:11
614,多肉葡萄加冰标准甜,马上就来了 太好听了,2023年6月23日 23:11
615,归兮_FgBm,好听！,2023年6月23日 23:10
616,什么时候消失_,好棒！！！好好听妈呀 刚从电视过来的！,2023年6月23日 23:10
617,_oyoeei,啊哈 看到原唱猜到是这首了,2023年6月23日 23:09
618,千年晨醋_,"“在这个《雨天》里 我们一起《踮起脚尖爱》🥰”
拥有钻石音色的张碧晨和嗓音温柔治愈的紫宁妹妹简直就是情歌战神🤩
谁懂啊我真的很喜欢她们俩的声音🥺还得是双张！！💞这俩人终于二搭上了哈哈哈✌🏻
还有还有 这首歌真的好适合她们俩唱哇😭 所有的美好都值得踮起脚尖找寻🩰✨
期待的一切终将到来～💖",2023年6月23日 23:08
619,原味凯莉,第一！！,2023年6月23日 23:08
620,易莘证氣,绝,2023年6月23日 23:23
621,碰瓷儿大脑斧,搭配的真不错,2023年6月23日 23:17
622,JJ林俊杰_dZGC,两位的声线好搭！！从雨天开始就特别喜欢两位的合作！我真的很爱！！好的歌手就是要多多合作,2023年6月23日 23:16
623,XXXXiiiao,好喜欢,2023年6月23日 23:15
624,JJ林俊杰_dZGC,太喜欢两位的合作了！！,2023年6月23日 23:12
625,阿童木看星星,爱了爱了,2023年6月23日 23:11
626,小丑八怪咿,好听好听好听yyds,2023年6月23日 23:11
627,多肉葡萄加冰标准甜,马上就来了 太好听了,2023年6月23日 23:11
628,归兮_FgBm,好听！,2023年6月23日 23:10
629,什么时候消失_,好棒！！！好好听妈呀 刚从电视过来的！,2023年6月23日 23:10
630,_oyoeei,啊哈 看到原唱猜到是这首了,2023年6月23日 23:09
631,千年晨醋_,"“在这个《雨天》里 我们一起《踮起脚尖爱》🥰”
拥有钻石音色的张碧晨和嗓音温柔治愈的紫宁妹妹简直就是情歌战神🤩
谁懂啊我真的很喜欢她们俩的声音🥺还得是双张！！💞这俩人终于二搭上了哈哈哈✌🏻
还有还有 这首歌真的好适合她们俩唱哇😭 所有的美好都值得踮起脚尖找寻🩰✨
期待的一切终将到来～💖",2023年6月23日 23:08
632,原味凯莉,第一！！,2023年6月23日 23:08
633,易莘证氣,绝,2023年6月23日 23:23
634,碰瓷儿大脑斧,搭配的真不错,2023年6月23日 23:17
635,JJ林俊杰_dZGC,两位的声线好搭！！从雨天开始就特别喜欢两位的合作！我真的很爱！！好的歌手就是要多多合作,2023年6月23日 23:16
636,XXXXiiiao,好喜欢,2023年6月23日 23:15
637,JJ林俊杰_dZGC,太喜欢两位的合作了！！,2023年6月23日 23:12
638,阿童木看星星,爱了爱了,2023年6月23日 23:11
639,小丑八怪咿,好听好听好听yyds,2023年6月23日 23:11
640,多肉葡萄加冰标准甜,马上就来了 太好听了,2023年6月23日 23:11
641,归兮_FgBm,好听！,2023年6月23日 23:10
642,什么时候消失_,好棒！！！好好听妈呀 刚从电视过来的！,2023年6月23日 23:10
643,_oyoeei,啊哈 看到原唱猜到是这首了,2023年6月23日 23:09
644,千年晨醋_,"“在这个《雨天》里 我们一起《踮起脚尖爱》🥰”
拥有钻石音色的张碧晨和嗓音温柔治愈的紫宁妹妹简直就是情歌战神🤩
谁懂啊我真的很喜欢她们俩的声音🥺还得是双张！！💞这俩人终于二搭上了哈哈哈✌🏻
还有还有 这首歌真的好适合她们俩唱哇😭 所有的美好都值得踮起脚尖找寻🩰✨
期待的一切终将到来～💖",2023年6月23日 23:08
645,原味凯莉,第一！！,2023年6月23日 23:08
646,易莘证氣,绝,2023年6月23日 23:23
647,碰瓷儿大脑斧,搭配的真不错,2023年6月23日 23:17
648,JJ林俊杰_dZGC,两位的声线好搭！！从雨天开始就特别喜欢两位的合作！我真的很爱！！好的歌手就是要多多合作,2023年6月23日 23:16
649,XXXXiiiao,好喜欢,2023年6月23日 23:15
650,JJ林俊杰_dZGC,太喜欢两位的合作了！！,2023年6月23日 23:12
651,阿童木看星星,爱了爱了,2023年6月23日 23:11
652,小丑八怪咿,好听好听好听yyds,2023年6月23日 23:11
653,多肉葡萄加冰标准甜,马上就来了 太好听了,2023年6月23日 23:11
654,归兮_FgBm,好听！,2023年6月23日 23:10
655,什么时候消失_,好棒！！！好好听妈呀 刚从电视过来的！,2023年6月23日 23:10
656,_oyoeei,啊哈 看到原唱猜到是这首了,2023年6月23日 23:09
657,千年晨醋_,"“在这个《雨天》里 我们一起《踮起脚尖爱》🥰”
拥有钻石音色的张碧晨和嗓音温柔治愈的紫宁妹妹简直就是情歌战神🤩
谁懂啊我真的很喜欢她们俩的声音🥺还得是双张！！💞这俩人终于二搭上了哈哈哈✌🏻
还有还有 这首歌真的好适合她们俩唱哇😭 所有的美好都值得踮起脚尖找寻🩰✨
期待的一切终将到来～💖",2023年6月23日 23:08
658,原味凯莉,第一！！,2023年6月23日 23:08
659,易莘证氣,绝,2023年6月23日 23:23
660,碰瓷儿大脑斧,搭配的真不错,2023年6月23日 23:17
661,JJ林俊杰_dZGC,两位的声线好搭！！从雨天开始就特别喜欢两位的合作！我真的很爱！！好的歌手就是要多多合作,2023年6月23日 23:16
662,XXXXiiiao,好喜欢,2023年6月23日 23:15
663,JJ林俊杰_dZGC,太喜欢两位的合作了！！,2023年6月23日 23:12
664,阿童木看星星,爱了爱了,2023年6月23日 23:11
665,小丑八怪咿,好听好听好听yyds,2023年6月23日 23:11
666,多肉葡萄加冰标准甜,马上就来了 太好听了,2023年6月23日 23:11
667,归兮_FgBm,好听！,2023年6月23日 23:10
668,什么时候消失_,好棒！！！好好听妈呀 刚从电视过来的！,2023年6月23日 23:10
669,_oyoeei,啊哈 看到原唱猜到是这首了,2023年6月23日 23:09
670,千年晨醋_,"“在这个《雨天》里 我们一起《踮起脚尖爱》🥰”
拥有钻石音色的张碧晨和嗓音温柔治愈的紫宁妹妹简直就是情歌战神🤩
谁懂啊我真的很喜欢她们俩的声音🥺还得是双张！！💞这俩人终于二搭上了哈哈哈✌🏻
还有还有 这首歌真的好适合她们俩唱哇😭 所有的美好都值得踮起脚尖找寻🩰✨
期待的一切终将到来～💖",2023年6月23日 23:08
671,原味凯莉,第一！！,2023年6月23日 23:08
672,易莘证氣,绝,2023年6月23日 23:23
673,碰瓷儿大脑斧,搭配的真不错,2023年6月23日 23:17
674,JJ林俊杰_dZGC,两位的声线好搭！！从雨天开始就特别喜欢两位的合作！我真的很爱！！好的歌手就是要多多合作,2023年6月23日 23:16
675,XXXXiiiao,好喜欢,2023年6月23日 23:15
676,JJ林俊杰_dZGC,太喜欢两位的合作了！！,2023年6月23日 23:12
677,阿童木看星星,爱了爱了,2023年6月23日 23:11
678,小丑八怪咿,好听好听好听yyds,2023年6月23日 23:11
679,多肉葡萄加冰标准甜,马上就来了 太好听了,2023年6月23日 23:11
680,归兮_FgBm,好听！,2023年6月23日 23:10
681,什么时候消失_,好棒！！！好好听妈呀 刚从电视过来的！,2023年6月23日 23:10
682,_oyoeei,啊哈 看到原唱猜到是这首了,2023年6月23日 23:09
683,千年晨醋_,"“在这个《雨天》里 我们一起《踮起脚尖爱》🥰”
拥有钻石音色的张碧晨和嗓音温柔治愈的紫宁妹妹简直就是情歌战神🤩
谁懂啊我真的很喜欢她们俩的声音🥺还得是双张！！💞这俩人终于二搭上了哈哈哈✌🏻
还有还有 这首歌真的好适合她们俩唱哇😭 所有的美好都值得踮起脚尖找寻🩰✨
期待的一切终将到来～💖",2023年6月23日 23:08
684,原味凯莉,第一！！,2023年6月23日 23:08
685,易莘证氣,绝,2023年6月23日 23:23
686,碰瓷儿大脑斧,搭配的真不错,2023年6月23日 23:17
687,JJ林俊杰_dZGC,两位的声线好搭！！从雨天开始就特别喜欢两位的合作！我真的很爱！！好的歌手就是要多多合作,2023年6月23日 23:16
688,XXXXiiiao,好喜欢,2023年6月23日 23:15
689,JJ林俊杰_dZGC,太喜欢两位的合作了！！,2023年6月23日 23:12
690,阿童木看星星,爱了爱了,2023年6月23日 23:11
691,小丑八怪咿,好听好听好听yyds,2023年6月23日 23:11
692,多肉葡萄加冰标准甜,马上就来了 太好听了,2023年6月23日 23:11
693,归兮_FgBm,好听！,2023年6月23日 23:10
694,什么时候消失_,好棒！！！好好听妈呀 刚从电视过来的！,2023年6月23日 23:10
695,_oyoeei,啊哈 看到原唱猜到是这首了,2023年6月23日 23:09
696,千年晨醋_,"“在这个《雨天》里 我们一起《踮起脚尖爱》🥰”
拥有钻石音色的张碧晨和嗓音温柔治愈的紫宁妹妹简直就是情歌战神🤩
谁懂啊我真的很喜欢她们俩的声音🥺还得是双张！！💞这俩人终于二搭上了哈哈哈✌🏻
还有还有 这首歌真的好适合她们俩唱哇😭 所有的美好都值得踮起脚尖找寻🩰✨
期待的一切终将到来～💖",2023年6月23日 23:08
697,原味凯莉,第一！！,2023年6月23日 23:08
698,易莘证氣,绝,2023年6月23日 23:23
699,碰瓷儿大脑斧,搭配的真不错,2023年6月23日 23:17
700,JJ林俊杰_dZGC,两位的声线好搭！！从雨天开始就特别喜欢两位的合作！我真的很爱！！好的歌手就是要多多合作,2023年6月23日 23:16
701,XXXXiiiao,好喜欢,2023年6月23日 23:15
702,JJ林俊杰_dZGC,太喜欢两位的合作了！！,2023年6月23日 23:12
703,阿童木看星星,爱了爱了,2023年6月23日 23:11
704,小丑八怪咿,好听好听好听yyds,2023年6月23日 23:11
705,多肉葡萄加冰标准甜,马上就来了 太好听了,2023年6月23日 23:11
706,归兮_FgBm,好听！,2023年6月23日 23:10
707,什么时候消失_,好棒！！！好好听妈呀 刚从电视过来的！,2023年6月23日 23:10
708,_oyoeei,啊哈 看到原唱猜到是这首了,2023年6月23日 23:09
709,千年晨醋_,"“在这个《雨天》里 我们一起《踮起脚尖爱》🥰”
拥有钻石音色的张碧晨和嗓音温柔治愈的紫宁妹妹简直就是情歌战神🤩
谁懂啊我真的很喜欢她们俩的声音🥺还得是双张！！💞这俩人终于二搭上了哈哈哈✌🏻
还有还有 这首歌真的好适合她们俩唱哇😭 所有的美好都值得踮起脚尖找寻🩰✨
期待的一切终将到来～💖",2023年6月23日 23:08
710,原味凯莉,第一！！,2023年6月23日 23:08
711,易莘证氣,绝,2023年6月23日 23:23
712,碰瓷儿大脑斧,搭配的真不错,2023年6月23日 23:17
713,JJ林俊杰_dZGC,两位的声线好搭！！从雨天开始就特别喜欢两位的合作！我真的很爱！！好的歌手就是要多多合作,2023年6月23日 23:16
714,XXXXiiiao,好喜欢,2023年6月23日 23:15
715,JJ林俊杰_dZGC,太喜欢两位的合作了！！,2023年6月23日 23:12
716,阿童木看星星,爱了爱了,2023年6月23日 23:11
717,小丑八怪咿,好听好听好听yyds,2023年6月23日 23:11
718,多肉葡萄加冰标准甜,马上就来了 太好听了,2023年6月23日 23:11
719,归兮_FgBm,好听！,2023年6月23日 23:10
720,什么时候消失_,好棒！！！好好听妈呀 刚从电视过来的！,2023年6月23日 23:10
721,_oyoeei,啊哈 看到原唱猜到是这首了,2023年6月23日 23:09
722,千年晨醋_,"“在这个《雨天》里 我们一起《踮起脚尖爱》🥰”
拥有钻石音色的张碧晨和嗓音温柔治愈的紫宁妹妹简直就是情歌战神🤩
谁懂啊我真的很喜欢她们俩的声音🥺还得是双张！！💞这俩人终于二搭上了哈哈哈✌🏻
还有还有 这首歌真的好适合她们俩唱哇😭 所有的美好都值得踮起脚尖找寻🩰✨
期待的一切终将到来～💖",2023年6月23日 23:08
723,原味凯莉,第一！！,2023年6月23日 23:08
724,易莘证氣,绝,2023年6月23日 23:23
725,碰瓷儿大脑斧,搭配的真不错,2023年6月23日 23:17
726,JJ林俊杰_dZGC,两位的声线好搭！！从雨天开始就特别喜欢两位的合作！我真的很爱！！好的歌手就是要多多合作,2023年6月23日 23:16
727,XXXXiiiao,好喜欢,2023年6月23日 23:15
728,JJ林俊杰_dZGC,太喜欢两位的合作了！！,2023年6月23日 23:12
729,阿童木看星星,爱了爱了,2023年6月23日 23:11
730,小丑八怪咿,好听好听好听yyds,2023年6月23日 23:11
731,多肉葡萄加冰标准甜,马上就来了 太好听了,2023年6月23日 23:11
732,归兮_FgBm,好听！,2023年6月23日 23:10
733,什么时候消失_,好棒！！！好好听妈呀 刚从电视过来的！,2023年6月23日 23:10
734,_oyoeei,啊哈 看到原唱猜到是这首了,2023年6月23日 23:09
735,千年晨醋_,"“在这个《雨天》里 我们一起《踮起脚尖爱》🥰”
拥有钻石音色的张碧晨和嗓音温柔治愈的紫宁妹妹简直就是情歌战神🤩
谁懂啊我真的很喜欢她们俩的声音🥺还得是双张！！💞这俩人终于二搭上了哈哈哈✌🏻
还有还有 这首歌真的好适合她们俩唱哇😭 所有的美好都值得踮起脚尖找寻🩰✨
期待的一切终将到来～💖",2023年6月23日 23:08
736,原味凯莉,第一！！,2023年6月23日 23:08
